1508879832842 0.0 10.6
1508879833161 0.0 10.6
1508879833388 42.0 10.7
1508879833608 52.0 10.7
1508879833924 62.0 10.7
1508879834268 73.0 10.8
1508879834492 42.5 10.8
1508879834730 48.5 10.8
1508879834955 54.0 10.9
1508879835188 60.0 10.9
1508879835412 43.6 10.9
1508879835648 47.6 11.0
1508879835871 51.3 11.0
1508879836095 55.0 11.0
1508879836328 44.2 11.1
1508879836551 47.2 11.1
1508879836782 50.0 11.1
1508879837008 52.7 11.2
1508879837232 55.5 11.2
1508879837468 46.8 11.2
1508879837692 49.0 11.3
1508879837928 51.4 11.3
1508879838152 53.6 11.3
1508879838375 46.5 11.3
1508879838608 48.5 11.4
1508879838831 50.3 11.4
1508879839055 52.1 11.4
1508879839288 54.1 11.5
1508879839512 48.0 11.5
1508879839748 49.7 11.5
1508879839972 51.2 11.6
1508879840198 53.0 11.6
1508879840421 47.7 11.6
1508879840648 49.1 11.7
1508879840871 50.5 11.7
1508879841108 52.0 11.7
1508879841332 47.4 11.8
1508879841554 48.6 11.8
1508879841788 50.0 11.8
1508879842012 51.2 11.9
1508879842248 52.5 11.9
1508879842472 48.4 11.9
1508879842695 49.5 12.0
1508879842928 50.7 12.0
1508879843151 51.8 12.0
1508879843388 48.2 12.1
1508879843612 49.1 12.1
1508879843848 50.3 12.1
1508879844072 51.3 12.2
1508879844308 48.0 12.2
1508879844531 49.0 12.2
1508879844769 50.0 12.3
1508879844992 50.9 12.3
1508879845218 51.8 12.3
1508879845442 48.6 12.4
1508879845668 49.5 12.4
1508879845892 50.3 12.4
1508879846128 51.3 12.4
1508879846352 48.4 12.5
1508879846578 49.2 12.5
1508879846801 50.0 12.5
1508879847025 50.7 12.6
1508879847258 51.7 12.6
1508879847481 49.0 12.6
1508879847705 49.7 12.7
1508879847938 50.4 12.7
1508879848170 51.2 12.7
1508879848394 48.7 12.8
1508879848628 49.5 12.8
1508879848898 50.2 12.8
1508879849121 50.9 12.9
1508879849357 48.6 12.9
1508879849581 49.2 12.9
1508879849818 50.0 13.0
1508879850041 50.7 13.0
1508879850271 51.3 13.0
1508879850495 49.1 13.1
1508879850728 49.7 13.1
1508879850951 50.3 13.1
1508879851188 51.0 13.2
1508879851411 48.9 13.2
1508879851634 49.5 13.2
1508879851868 50.1 13.3
1508879852091 50.7 13.3
1508879852328 48.8 13.3
1508879852544 49.3 13.4
1508879852781 49.9 13.4
1508879853004 50.5 13.4
1508879853238 51.1 13.5
1508879853461 49.1 13.5
1508879853684 49.7 13.5
1508879853917 50.2 13.5
1508879854141 50.8 13.6
1508879854368 49.0 13.6
1508879854591 49.5 13.6
1508879854815 50.0 13.7
1508879855048 50.5 13.7
1508879855265 51.0 13.7
1508879855498 49.3 13.8
1508879855721 49.8 13.8
1508879855945 50.3 13.8
1508879856178 50.8 13.9
1508879856402 49.1 13.9
1508879856628 49.6 13.9
1508879856851 50.0 14.0
1508879857075 50.5 14.0
1508879857308 49.0 14.0
1508879857531 49.4 14.1
1508879857754 49.8 14.1
1508879857988 50.3 14.1
1508879858211 50.8 14.2
1508879858447 49.3 14.2
1508879858665 49.7 14.2
1508879858898 50.1 14.3
1508879859121 50.6 14.3
1508879859358 49.1 14.3
1508879859574 49.5 14.3
1508879859808 50.0 14.4
1508879860031 50.4 14.4
1508879860255 50.8 14.4
1508879860488 49.4 14.5
1508879860711 49.8 14.5
1508879860934 50.2 14.5
1508879861168 50.6 14.6
1508879861397 49.2 14.6
1508879861615 49.6 14.6
1508879861847 50.0 14.7
1508879862064 50.4 14.7
1508879862298 50.8 14.7
1508879862521 49.5 14.8
1508879862752 49.9 14.8
1508879862988 50.3 14.8
1508879863211 50.7 14.9
1508879863437 49.3 14.9
1508879863655 49.7 14.9
1508879863888 50.1 15.0
1508879864111 50.4 15.0
1508879864335 49.2 15.0
1508879864568 49.6 15.1
1508879864791 49.9 15.1
1508879865015 50.3 15.1
1508879865248 50.6 15.2
1508879865471 49.4 15.2
1508879865695 49.8 15.2
1508879865927 50.1 15.2
1508879866144 50.4 15.3
1508879866378 49.3 15.3
1508879866601 49.7 15.3
1508879866824 50.0 15.4
1508879867057 50.3 15.4
1508879867281 50.7 15.4
1508879867504 49.5 15.5
1508879867738 49.9 15.5
1508879867960 50.2 15.5
1508879868185 50.5 15.6
1508879868418 49.4 15.6
1508879868641 49.7 15.6
1508879868864 50.0 15.7
1508879869097 50.4 15.7
1508879869321 49.3 15.7
1508879869544 49.6 15.8
1508879869778 49.9 15.8
1508879870008 50.2 15.8
1508879870231 50.5 15.9
1508879870468 49.5 15.9
1508879870691 49.8 15.9
1508879870915 50.1 16.0
1508879871148 50.4 16.0
1508879871371 49.4 16.0
1508879871607 49.7 16.1
1508879871824 50.0 16.1
1508879872058 50.3 16.1
1508879872281 50.6 16.1
1508879872505 49.6 16.2
1508879872737 49.9 16.2
1508879872967 50.2 16.2
1508879873184 50.4 16.3
1508879873418 49.5 16.3
1508879873641 49.8 16.3
1508879873864 50.0 16.4
1508879874098 50.3 16.4
1508879874321 49.4 16.4
1508879874544 49.7 16.5
1508879874778 49.9 16.5
1508879875008 50.2 16.5
1508879875232 50.5 16.6
1508879875468 49.6 16.6
1508879875691 49.9 16.6
1508879875914 50.1 16.7
1508879876148 50.4 16.7
1508879876371 49.5 16.7
1508879876608 49.8 16.8
1508879876832 50.0 16.8
1508879877068 50.3 16.8
1508879877287 50.5 16.9
1508879877504 49.6 16.9
1508879877737 49.9 16.9
1508879877961 50.2 17.0
1508879878184 50.4 17.0
1508879878418 49.6 17.0
1508879878641 49.8 17.1
1508879878865 50.1 17.1
1508879879133 50.3 17.1
1508879879367 49.5 17.1
1508879879584 49.7 17.2
1508879879817 49.9 17.2
1508879880034 50.2 17.2
1508879880268 50.4 17.3
1508879880492 49.6 17.3
1508879880717 49.8 17.3
1508879880938 50.1 17.4
1508879881160 50.3 17.4
1508879881384 49.5 17.4
1508879881618 49.7 17.5
1508879881847 50.0 17.5
1508879882071 50.2 17.5
1508879882294 49.4 17.6
1508879882527 49.7 17.6
1508879882745 49.9 17.6
1508879882978 50.1 17.7
1508879883195 50.3 17.7
1508879883428 49.6 17.7
1508879883651 49.8 17.8
1508879883874 50.0 17.8
1508879884108 50.2 17.8
1508879884332 49.5 17.8
1508879884557 49.7 17.9
1508879884788 49.9 17.9
1508879885011 50.1 17.9
1508879885234 50.3 18.0
1508879885468 49.6 18.0
1508879885691 49.8 18.0
1508879885915 50.0 18.1
1508879886148 50.3 18.1
1508879886371 49.5 18.1
1508879886598 49.7 18.2
1508879886821 49.9 18.2
1508879887045 50.1 18.2
1508879887277 50.4 18.3
1508879887494 49.6 18.3
1508879887728 49.8 18.3
1508879887944 50.0 18.4
1508879888178 50.3 18.4
1508879888401 49.6 18.4
1508879888624 49.8 18.5
1508879888858 50.0 18.5
1508879889074 50.1 18.5
1508879889308 49.5 18.6
1508879889531 49.7 18.6
1508879889767 49.9 18.6
1508879889997 50.1 18.6
1508879890228 50.3 18.7
1508879890451 49.6 18.7
1508879890678 49.8 18.7
1508879890901 50.0 18.8
1508879891124 50.2 18.8
1508879891357 49.5 18.8
1508879891581 49.7 18.9
1508879891808 49.9 18.9
1508879892024 50.1 18.9
1508879892257 50.3 19.0
1508879892475 49.6 19.0
1508879892708 49.8 19.0
1508879892928 50.0 19.1
1508879893144 50.2 19.1
1508879893378 49.6 19.1
1508879893601 49.8 19.2
1508879893828 49.9 19.2
1508879894052 50.1 19.2
1508879894288 50.3 19.3
1508879894504 49.7 19.3
1508879894737 49.9 19.3
1508879894961 50.0 19.4
1508879895184 50.2 19.4
1508879895418 49.6 19.4
1508879895641 49.8 19.4
1508879895864 50.0 19.5
1508879896098 50.2 19.5
1508879896320 49.5 19.5
1508879896545 49.7 19.6
1508879896777 49.9 19.6
1508879897007 50.1 19.6
1508879897224 50.2 19.7
1508879897458 49.7 19.7
1508879897681 49.8 19.7
1508879897905 50.0 19.8
1508879898138 50.2 22.5
1508879898361 49.6 27.1
1508879898598 49.8 21.6
