69 0.0 19.8
821 50.0 19.8
1212 64.0 19.9
1528 40.0 19.9
1843 48.0 20.0
2158 55.0 20.0
2482 41.6 20.0
2782 46.6 20.1
3083 52.0 20.1
3420 57.3 20.1
3719 46.5 20.2
4022 50.2 20.2
4322 54.0 20.2
4623 46.2 20.3
4922 49.2 20.3
5222 52.2 20.4
5522 46.0 20.4
5822 48.5 20.4
6122 51.0 20.5
6422 53.5 20.5
6722 48.0 20.5
7022 50.1 20.6
7322 46.7 20.6
7914 49.0 20.6
8312 50.8 20.7
8618 46.7 20.7
8932 48.5 20.8
9252 50.2 20.8
9572 46.6 20.8
9872 48.1 20.9
10173 49.9 20.9
10525 46.6 20.9
10831 48.0 21.0
11122 49.2 21.0
11423 50.6 21.0
11722 47.6 21.1
12012 48.8 21.1
12312 50.0 21.2
12612 47.3 21.2
12913 48.5 21.2
13212 49.6 21.3
13512 47.2 21.3
13812 48.2 21.3
14114 49.3 21.4
14412 47.6 21.4
15004 48.7 21.4
15393 49.7 21.5
15699 47.5 21.5
16007 48.4 21.5
16333 49.5 21.6
16662 47.4 21.6
16964 48.4 21.7
17273 49.2 21.7
17602 47.3 21.7
17902 48.1 21.8
18202 49.0 21.8
18502 47.2 21.8
18802 48.0 21.9
19102 48.7 21.9
19402 49.5 21.9
19702 47.8 22.0
20002 48.5 22.0
20302 49.3 22.1
20602 47.6 22.1
20902 48.3 22.1
21202 49.0 22.2
21502 47.9 22.2
22101 48.6 22.2
22485 47.2 22.3
22802 47.9 22.3
23123 48.5 22.3
23432 49.1 22.4
23752 47.7 22.4
24052 48.3 22.5
24352 49.0 22.5
24695 47.6 22.5
25002 48.3 22.6
25296 48.8 22.6
25602 47.5 22.6
25902 48.1 22.7
26202 48.7 22.7
26502 47.4 22.7
26802 48.0 22.8
27102 48.5 22.8
27403 49.1 22.9
27702 47.8 22.9
28003 48.4 22.9
28302 48.9 23.0
28602 48.1 23.0
29204 48.7 23.0
29612 47.6 23.1
29932 48.1 23.1
30242 48.5 23.1
30552 47.5 23.2
30892 48.0 23.2
31192 48.5 23.3
31494 47.5 23.3
31842 47.9 23.3
32142 48.4 23.4
32442 48.9 23.4
32742 47.8 23.4
33042 48.3 23.5
33342 48.7 23.5
33642 47.7 23.6
33942 48.2 23.6
34242 48.6 23.6
34543 47.7 23.7
34842 48.1 23.7
35142 48.5 23.7
35442 49.0 23.8
35742 48.2 23.8
36326 48.7 23.8
36752 47.8 23.9
37062 48.2 23.9
37382 48.6 24.0
37692 47.7 24.0
38018 48.1 24.0
38319 48.5 24.1
38622 47.6 24.1
38962 48.0 24.1
39262 48.4 24.2
39562 47.6 24.2
39862 48.0 24.2
40162 48.3 24.3
40462 48.7 24.3
40763 47.9 24.4
41062 48.2 24.4
41362 48.6 24.4
41662 47.8 24.5
41961 48.2 24.5
42264 48.5 24.5
42572 47.8 24.6
42872 48.3 24.6
43457 47.6 24.6
43852 47.9 24.7
44152 48.2 24.7
44473 47.5 24.8
44792 47.8 24.8
45114 48.2 24.8
45422 48.5 24.9
45722 47.8 24.9
46051 48.1 24.9
46353 48.5 25.0
46651 47.7 25.0
46952 48.0 25.0
47252 48.4 25.1
47552 47.7 25.1
47852 48.0 25.2
48152 48.3 25.2
48452 48.6 25.2
48752 47.9 25.3
49052 48.2 25.3
49351 48.5 25.3
49652 47.9 25.4
49951 48.3 25.4
50553 47.7 25.4
50974 48.1 25.5
51298 48.4 25.5
51622 47.7 25.6
51950 48.0 25.6
52262 48.3 25.6
52562 47.7 25.7
52862 48.0 25.7
53202 48.2 25.7
53492 47.6 25.8
53792 47.9 25.8
54092 48.2 25.8
54392 48.4 25.9
54692 47.8 25.9
54992 48.1 26.0
55292 48.4 26.0
55593 47.8 26.0
55892 48.0 26.1
56191 48.3 26.1
56492 47.7 26.1
56792 48.0 26.2
57092 48.4 26.2
57692 47.8 26.2
58102 48.1 26.3
58418 48.4 26.3
58742 47.8 26.4
59062 48.1 26.4
59372 48.3 26.4
59672 47.8 26.5
59972 48.0 26.5
60318 48.3 26.5
60622 47.7 26.6
60922 48.0 26.6
61222 48.2 26.6
61522 47.7 26.7
61823 47.9 26.7
62122 48.1 26.8
62422 48.4 26.8
62722 47.9 26.8
63022 48.1 26.9
63322 48.3 26.9
63622 47.8 26.9
63922 48.0 27.0
64221 47.7 27.0
64806 47.9 27.0
65222 48.1 27.1
65532 47.6 27.1
65842 47.9 27.2
66162 48.1 27.2
66482 47.6 27.2
66782 47.8 27.3
67082 48.1 27.3
67409 48.3 27.3
67709 47.8 27.4
68008 48.0 27.4
68312 48.2 27.4
68612 47.7 27.5
68912 48.0 27.5
69212 48.2 27.6
69511 47.7 27.6
69812 47.9 27.6
70112 48.1 27.7
70413 48.3 27.7
70713 47.9 27.7
71012 48.1 27.8
71312 47.7 27.8
71912 48.0 27.8
72324 48.2 27.9
72632 47.7 27.9
72948 48.0 28.0
73274 48.2 28.0
73592 47.7 28.0
73892 47.9 28.1
74192 48.1 28.1
74528 47.7 28.1
74832 47.9 28.2
75122 48.1 28.2
75422 48.3 28.2
75723 47.8 28.3
76022 48.0 28.3
76322 48.2 28.4
76616 47.8 28.4
76922 48.0 28.4
77222 48.2 28.5
77522 47.7 28.5
77822 47.9 28.5
78122 48.1 28.6
78422 47.8 28.6
79015 48.1 28.7
79417 48.2 28.7
79742 47.8 28.7
80061 48.0 28.8
80382 48.2 28.8
80712 47.8 28.8
81014 48.0 28.9
81312 48.2 28.9
81658 47.8 28.9
81962 48.0 29.0
82262 48.1 29.0
82562 47.7 29.1
82864 47.9 29.1
83162 48.1 29.1
83462 48.3 29.2
83762 47.9 29.2
84062 48.1 29.2
84362 48.2 29.3
84662 47.9 29.3
84962 48.0 29.3
85262 48.2 29.4
85562 47.9 29.4
86147 48.1 29.5
86560 47.7 29.5
86882 47.9 29.5
87188 48.1 29.6
87516 47.7 29.6
87844 47.9 29.6
88142 48.1 29.7
88442 47.7 29.7
88786 47.9 29.7
89081 48.0 29.8
89382 48.2 29.8
89682 47.8 29.9
89982 48.0 29.9
90282 48.2 29.9
90582 47.8 30.0
90884 48.0 30.0
91192 48.1 30.0
91481 47.7 30.1
91782 47.9 30.1
92082 48.1 30.1
92382 48.2 30.2
92682 48.0 30.2
93275 48.2 30.3
93679 47.8 30.3
94002 48.0 30.3
94312 48.1 30.4
94632 47.8 30.4
94965 48.0 30.4
95261 48.1 30.5
95562 47.8 30.5
95892 47.9 30.5
96192 48.1 30.6
96492 47.7 30.6
96792 47.9 30.7
97092 48.0 30.7
97382 48.2 30.7
97682 47.8 30.8
97982 48.0 30.8
98282 48.2 30.8
98582 47.8 30.9
98882 48.0 30.9
99182 48.1 30.9
99482 47.8 31.0
99782 48.0 31.0
100382 48.2 31.1
100782 47.9 31.1
101098 48.0 31.1
101412 48.2 31.2
101729 47.9 31.2
102062 48.0 31.2
102362 48.1 31.3
102662 47.8 31.3
103000 48.0 31.3
103298 48.1 31.4
103602 47.8 31.4
103902 47.9 31.5
104201 48.1 31.5
104502 47.8 31.5
104802 47.9 31.6
105102 48.1 31.6
105402 48.2 31.6
105702 47.9 31.7
106002 48.0 31.7
106302 48.2 31.7
106602 47.9 31.8
106902 48.1 31.8
107492 47.8 31.9
107892 47.9 31.9
108205 48.1 31.9
108518 47.8 32.0
108822 47.9 32.0
109163 48.0 32.0
109462 48.2 32.1
109762 47.9 32.1
110098 48.0 32.1
110402 48.1 32.2
110702 47.8 32.2
111002 48.0 32.3
111302 48.1 32.3
111602 47.8 32.3
111902 48.0 32.4
112202 48.1 32.4
112502 47.8 32.4
112802 47.9 32.5
113102 48.1 32.5
113402 48.2 32.5
113702 47.9 32.6
114002 48.1 32.6
114595 47.8 32.7
114977 48.0 32.7
115301 48.1 32.7
115612 47.8 32.8
115928 48.0 32.8
116262 48.1 32.8
116557 47.8 32.9
116852 47.9 32.9
117202 48.0 32.9
117502 47.8 33.0
117802 47.9 33.0
118102 48.0 33.1
118402 48.1 33.1
118702 47.9 33.1
119002 48.0 33.2
119302 48.1 33.2
119601 47.8 33.2
119901 48.0 33.3
120202 48.1 33.3
120502 47.8 33.3
120802 47.9 33.4
121102 48.1 33.4
121702 47.9 33.5
122111 48.0 33.5
122412 48.1 33.5
122716 47.9 33.6
123032 48.0 33.6
123356 48.1 33.6
123662 47.8 33.7
123963 48.0 33.7
124302 48.1 33.7
124602 47.8 33.8
124902 47.9 33.8
125202 48.1 33.9
125502 47.8 33.9
125802 47.9 33.9
126103 48.0 34.0
126402 48.1 34.0
126702 47.9 34.0
126992 48.0 34.1
127292 48.1 34.1
127592 47.9 34.1
127892 48.0 34.2
128192 47.8 34.2
128792 47.9 34.2
129202 48.0 34.3
129506 47.8 34.3
129818 47.9 34.4
130132 48.0 34.4
130462 48.1 34.4
130762 47.9 34.5
131051 48.0 34.5
131405 48.1 34.5
131701 47.9 34.6
132002 48.0 34.6
132302 48.1 34.6
132602 47.8 34.7
132892 47.9 34.7
133192 48.1 34.8
133492 47.8 34.8
133792 47.9 34.8
134092 48.0 34.9
134392 48.1 34.9
134691 47.9 34.9
134994 48.0 35.0
135291 47.8 35.0
135887 48.0 35.0
136269 48.1 35.1
136582 47.8 35.1
136892 47.9 35.2
137208 48.0 35.2
137545 47.8 35.2
137842 47.9 35.3
138142 48.0 35.3
138470 47.8 35.3
138782 47.9 35.4
139082 48.0 35.4
139384 48.1 35.4
139692 47.9 35.5
139992 48.0 35.5
140292 48.1 35.6
140592 47.9 35.6
140892 48.0 35.6
141192 48.1 35.7
141492 47.8 35.7
141792 47.9 35.7
142092 48.0 35.8
142393 47.9 35.8
142994 48.0 35.9
143399 48.1 35.9
143722 47.9 35.9
144027 48.0 36.0
144353 48.1 36.0
144682 47.9 36.0
144982 48.0 36.1
145284 48.1 36.1
145632 47.9 36.1
145932 48.0 36.2
146232 48.1 36.2
146527 47.8 36.3
146832 47.9 36.3
147132 48.0 36.3
147432 48.1 36.4
147732 47.9 36.4
148033 48.0 36.4
148332 48.1 36.5
148632 47.9 36.5
148932 48.0 36.6
149232 48.1 36.6
149533 47.9 36.6
150122 48.1 36.7
150547 47.8 36.7
150865 47.9 36.7
151172 48.0 36.8
151492 47.8 36.8
151812 47.9 36.8
152112 48.0 36.9
152413 48.1 36.9
152749 47.9 36.9
153048 48.0 37.0
153352 48.1 37.0
153652 47.9 37.1
153952 48.0 37.1
154252 48.1 37.1
154552 47.8 37.2
154852 47.9 37.2
155152 48.0 37.2
155452 48.1 37.3
155752 47.9 37.3
156052 48.0 37.3
156352 48.1 37.4
156654 48.0 37.4
157252 48.1 37.5
157662 47.9 37.5
157972 48.0 37.5
158273 48.0 37.6
158592 47.8 37.6
158922 47.9 37.6
159222 48.0 37.7
159522 47.8 37.7
159864 47.9 37.7
160172 48.0 37.8
160472 47.8 37.8
160772 47.9 37.9
161072 48.0 37.9
161372 48.1 37.9
161672 47.9 38.0
161972 48.0 38.0
162272 48.1 38.0
162572 47.9 38.1
162873 48.0 38.1
163172 48.1 38.2
163472 47.9 38.2
163772 48.0 42.2
164372 48.1 47.4
164767 47.9 52.7
165088 48.0 51.0
165398 48.1 42.2
