1508879764814 0.0 10.6
1508879765048 0.0 10.7
1508879765272 0.0 10.7
1508879765508 47.0 10.7
1508879765732 58.0 10.8
1508879765968 71.0 10.8
1508879766193 81.0 10.8
1508879766428 47.0 10.9
1508879766652 52.5 10.9
1508879766888 58.5 10.9
1508879767112 64.0 11.0
1508879767348 46.6 11.0
1508879767571 50.3 11.0
1508879767808 54.3 11.1
1508879768032 58.0 11.1
1508879768268 62.3 11.1
1508879768492 49.5 11.1
1508879768718 52.2 11.2
1508879768944 55.0 11.2
1508879769178 58.0 11.2
1508879769402 48.6 11.3
1508879769628 50.8 11.3
1508879769852 53.0 11.3
1508879770088 55.4 11.4
1508879770318 48.1 11.4
1508879770541 50.0 11.4
1508879770768 51.8 11.5
1508879770992 53.6 11.5
1508879771228 55.6 11.5
1508879771451 49.2 11.6
1508879771688 51.0 11.6
1508879771905 52.5 11.6
1508879772138 54.2 11.7
1508879772361 48.8 11.7
1508879772598 50.3 11.7
1508879772821 51.7 11.8
1508879773058 53.2 11.8
1508879773292 48.6 11.8
1508879773528 50.1 11.9
1508879773752 51.2 11.9
1508879773988 52.6 11.9
1508879774212 53.8 12.0
1508879774448 49.7 12.0
1508879774672 50.8 12.0
1508879774908 52.0 12.1
1508879775131 53.1 12.1
1508879775368 49.3 12.1
1508879775591 50.3 12.1
1508879775815 51.3 12.2
1508879776048 52.4 12.2
1508879776272 53.4 12.2
1508879776495 49.9 12.3
1508879776728 50.9 12.3
1508879776952 51.8 12.3
1508879777188 52.9 12.4
1508879777414 49.6 12.4
1508879777648 50.5 12.4
1508879777872 51.3 12.5
1508879778108 52.3 12.5
1508879778332 49.4 12.5
1508879778568 50.2 12.6
1508879778798 51.1 12.6
1508879779021 51.9 12.6
1508879779258 52.7 12.7
1508879779481 50.0 12.7
1508879779704 50.7 12.7
1508879779938 51.4 12.8
1508879780155 52.2 12.8
1508879780388 49.6 12.8
1508879780611 50.3 12.9
1508879780848 51.1 12.9
1508879781065 51.8 12.9
1508879781298 49.4 13.0
1508879781516 50.0 13.0
1508879781748 50.7 13.0
1508879781971 51.4 13.0
1508879782208 52.1 13.1
1508879782425 49.8 13.1
1508879782658 50.5 13.1
1508879782881 51.1 13.2
1508879783105 51.7 13.2
1508879783335 49.5 13.2
1508879783569 50.2 13.3
1508879783801 50.8 13.3
1508879784025 51.4 13.3
1508879784258 52.0 13.4
1508879784481 50.0 13.4
1508879784705 50.5 13.4
1508879784938 51.1 13.5
1508879785154 51.6 13.5
1508879785388 49.7 13.5
1508879785618 50.3 13.6
1508879785841 50.8 13.6
1508879786068 51.3 13.6
1508879786292 49.5 13.7
1508879786518 50.0 13.7
1508879786741 50.5 13.7
1508879786965 51.0 13.7
1508879787198 51.5 13.8
1508879787422 49.8 13.8
1508879787648 50.3 13.8
1508879787872 50.8 13.9
1508879788107 51.3 13.9
1508879788378 49.6 13.9
1508879788601 50.1 14.0
1508879788824 50.5 14.0
1508879789058 51.0 14.0
1508879789287 51.5 14.1
1508879789505 49.9 14.1
1508879789738 50.4 14.1
1508879789961 50.8 14.2
1508879790198 51.3 14.2
1508879790421 49.8 14.2
1508879790644 50.1 14.3
1508879790877 50.6 14.3
1508879791108 51.1 14.3
1508879791332 49.6 14.4
1508879791558 50.0 14.4
1508879791775 50.4 14.4
1508879792008 50.8 14.4
1508879792225 51.2 14.5
1508879792458 49.8 14.5
1508879792682 50.2 14.5
1508879792918 50.6 14.6
1508879793142 51.0 14.6
1508879793378 49.6 14.6
1508879793595 50.0 14.7
1508879793828 50.4 14.7
1508879794052 50.8 14.7
1508879794278 51.2 14.8
1508879794502 49.9 14.8
1508879794738 50.3 14.8
1508879794962 50.7 14.9
1508879795198 51.1 14.9
1508879795428 49.8 14.9
1508879795651 50.1 15.0
1508879795887 50.5 15.0
1508879796107 50.9 15.0
1508879796331 49.6 15.1
1508879796555 50.0 15.1
1508879796788 50.4 15.1
1508879797012 50.7 15.2
1508879797247 51.0 15.2
1508879797465 49.8 15.2
1508879797697 50.2 15.2
1508879797928 50.6 15.3
1508879798152 50.9 15.3
1508879798378 49.7 15.3
1508879798601 50.0 15.4
1508879798824 50.4 15.4
1508879799057 50.7 15.4
1508879799281 51.0 15.5
1508879799505 49.9 15.5
1508879799738 50.2 15.5
1508879799961 50.6 15.6
1508879800198 50.9 15.6
1508879800421 49.8 15.6
1508879800645 50.1 15.7
1508879800877 50.4 15.7
1508879801095 50.7 15.7
1508879801327 49.7 15.8
1508879801557 50.0 15.8
1508879801775 50.3 15.8
1508879802007 50.6 15.9
1508879802233 50.9 15.9
1508879802468 49.9 15.9
1508879802692 50.2 15.9
1508879802917 50.5 16.0
1508879803147 50.7 16.0
1508879803364 49.7 16.0
1508879803597 50.0 16.1
1508879803828 50.3 16.1
1508879804052 50.6 16.1
1508879804288 50.9 16.2
1508879804511 49.9 16.2
1508879804748 50.2 16.2
1508879804971 50.5 16.3
1508879805208 50.8 16.3
1508879805438 49.9 16.3
1508879805655 50.1 16.4
1508879805887 50.4 16.4
1508879806105 50.7 16.4
1508879806338 49.7 16.5
1508879806561 50.0 16.5
1508879806798 50.3 16.5
1508879807015 50.5 16.6
1508879807248 50.8 16.6
1508879807465 49.9 16.6
1508879807698 50.2 16.7
1508879807921 50.4 16.7
1508879808145 50.7 16.7
1508879808377 49.8 16.7
1508879808596 50.0 16.8
1508879808828 50.3 16.8
1508879809051 50.5 16.8
1508879809287 50.8 16.9
1508879809505 49.9 16.9
1508879809738 50.2 16.9
1508879809961 50.4 17.0
1508879810185 50.7 17.0
1508879810417 49.8 17.0
1508879810642 50.1 17.1
1508879810877 50.3 17.1
1508879811095 50.6 17.1
1508879811327 49.7 17.2
1508879811557 50.0 17.2
1508879811781 50.2 17.2
1508879812018 50.5 17.3
1508879812247 50.7 17.3
1508879812465 49.9 17.3
1508879812698 50.1 17.4
1508879812921 50.4 17.4
1508879813144 50.6 17.4
1508879813377 49.8 17.5
1508879813601 50.0 17.5
1508879813837 50.3 17.5
1508879814061 50.5 17.5
1508879814285 50.7 17.6
1508879814517 50.0 17.6
1508879814735 50.2 17.6
1508879814968 50.4 17.7
1508879815185 50.6 17.7
1508879815417 49.9 17.7
1508879815643 50.1 17.8
1508879815877 50.3 17.8
1508879816095 50.5 17.8
1508879816327 49.8 17.9
1508879816548 50.0 17.9
1508879816771 50.2 17.9
1508879817007 50.4 18.0
1508879817225 50.6 18.0
1508879817457 49.9 18.0
1508879817682 50.1 18.1
1508879817907 50.3 18.1
1508879818131 50.5 18.1
1508879818367 49.8 18.2
1508879818637 50.0 18.2
1508879818855 50.2 18.2
1508879819087 50.4 18.2
1508879819304 49.7 18.3
1508879819538 49.9 18.3
1508879819755 50.1 18.3
1508879819988 50.3 18.4
1508879820212 50.5 18.4
1508879820447 49.8 18.4
1508879820665 50.0 18.5
1508879820898 50.2 18.5
1508879821122 50.4 18.5
1508879821357 49.8 18.6
1508879821747 50.0 18.6
1508879821985 50.1 18.6
1508879822218 50.4 18.7
1508879822441 49.7 18.7
1508879822665 49.8 18.7
1508879822897 50.1 18.8
1508879823120 50.3 18.8
1508879823344 49.6 18.8
1508879823578 49.8 18.9
1508879823801 50.0 18.9
1508879824024 50.2 18.9
1508879824257 50.4 18.9
1508879824488 49.7 19.0
1508879824704 49.9 19.0
1508879824937 50.1 19.0
1508879825155 50.3 19.1
1508879825388 49.6 19.1
1508879825610 49.8 19.1
1508879825835 50.0 19.2
1508879826067 50.2 19.2
1508879826292 49.6 19.2
1508879826527 49.8 19.3
1508879826744 49.9 19.3
1508879826977 50.1 19.3
1508879827201 50.3 19.4
1508879827437 49.7 19.4
1508879827655 49.9 19.4
1508879827888 50.0 19.5
1508879828104 50.2 19.5
1508879828338 49.6 19.5
1508879828562 49.8 19.6
1508879828788 50.0 19.6
1508879829012 50.1 19.6
1508879829237 50.3 19.6
1508879829467 49.7 19.7
1508879829684 49.9 19.7
1508879829917 50.1 19.7
1508879830134 50.2 19.8
1508879830367 49.6 19.8
1508879830584 49.8 23.0
1508879830818 50.0 27.7
1508879831038 50.1 21.8
