1510069636110 0.0 10.8
1510069636420 32.0 10.8
1510069636718 46.0 10.9
1510069637016 61.0 10.9
1510069637317 38.0 10.9
1510069637615 45.5 11.0
1510069637916 53.0 11.0
1510069638216 40.3 11.1
1510069638516 45.3 11.1
1510069638824 50.6 11.1
1510069639121 55.3 11.2
1510069639426 45.2 11.2
1510069639726 49.0 11.2
1510069640029 53.0 11.3
1510069640326 45.2 11.3
1510069640626 48.2 11.4
1510069640927 51.2 11.4
1510069641226 45.1 11.4
1510069641526 47.6 11.4
1510069641822 50.1 11.5
1510069642117 52.5 11.5
1510069642416 47.1 11.6
1510069642716 49.2 11.6
1510069643012 51.4 11.6
1510069643310 46.7 11.7
1510069643605 48.6 11.7
1510069643909 50.5 11.7
1510069644206 46.4 11.8
1510069644503 48.1 11.8
1510069644806 49.7 11.9
1510069645106 51.5 11.9
1510069645402 47.8 11.9
1510069645706 49.4 12.0
1510069646009 50.9 12.0
1510069646316 47.6 12.0
1510069646616 49.0 12.1
1510069646911 50.2 12.1
1510069647206 47.3 12.1
1510069647506 48.5 12.2
1510069647807 49.8 12.2
1510069648116 51.0 12.3
1510069648420 48.3 12.3
1510069648716 49.4 12.3
1510069649012 50.6 12.4
1510069649306 48.0 12.4
1510069649606 49.0 12.4
1510069649908 50.1 12.5
1510069650206 47.8 12.5
1510069650503 48.7 12.6
1510069650806 49.7 12.6
1510069651106 50.7 12.6
1510069651406 48.5 12.6
1510069651707 49.4 12.7
1510069652006 50.3 12.7
1510069652307 48.2 12.8
1510069652606 49.1 12.8
1510069652906 50.0 12.8
1510069653206 48.1 12.9
1510069653506 48.9 12.9
1510069653806 49.7 12.9
1510069654106 50.6 13.0
1510069654406 48.7 13.0
1510069654709 49.4 13.1
1510069655006 50.3 13.1
1510069655308 48.5 13.1
1510069655608 49.3 13.2
1510069655906 50.0 13.2
1510069656206 48.3 13.2
1510069656510 49.0 13.3
1510069656808 49.8 13.3
1510069657106 50.5 13.4
1510069657408 48.9 13.4
1510069657709 49.5 13.4
1510069658014 50.2 13.5
1510069658316 48.7 13.5
1510069658611 49.3 13.5
1510069658916 50.0 13.6
1510069659212 48.5 13.6
1510069659511 49.1 13.6
1510069659805 49.7 13.7
1510069660103 50.4 13.7
1510069660406 48.9 13.8
1510069660706 49.5 13.8
1510069661006 50.2 13.8
1510069661306 48.8 13.9
1510069661606 49.3 13.9
1510069661906 50.0 13.9
1510069662209 48.7 14.0
1510069662514 49.2 14.0
1510069662816 49.8 14.1
1510069663113 50.3 14.1
1510069663419 49.1 14.1
1510069663717 49.6 14.2
1510069664017 50.1 14.2
1510069664311 48.9 14.2
1510069664618 49.4 14.3
1510069664916 50.0 14.3
1510069665211 48.8 14.4
1510069665506 49.3 14.4
1510069665808 49.8 14.4
1510069666108 50.3 14.4
1510069666405 49.1 14.5
1510069666710 49.6 14.5
1510069667018 50.1 14.6
1510069667317 49.0 14.6
1510069667616 49.5 14.6
1510069667916 50.0 14.7
1510069668216 48.9 14.7
1510069668516 49.3 14.7
1510069668816 49.8 14.8
1510069669116 50.3 14.8
1510069669420 49.2 14.9
1510069669716 49.6 14.9
1510069670014 50.1 14.9
1510069670318 49.1 15.0
1510069670616 49.5 15.0
1510069670911 49.9 15.0
1510069671205 48.9 15.1
1510069671506 49.3 15.1
1510069671805 49.7 15.2
1510069672106 50.2 15.2
1510069672410 49.2 15.2
1510069672706 49.6 15.3
1510069673006 50.0 15.3
1510069673309 49.1 15.3
1510069673610 49.5 15.4
1510069673906 49.9 15.4
1510069674210 49.0 15.4
1510069674509 49.4 15.5
1510069674809 49.7 15.5
1510069675107 50.2 15.6
1510069675407 49.3 15.6
1510069675709 49.6 15.6
1510069676005 50.0 15.7
1510069676306 49.1 15.7
1510069676606 49.5 15.7
1510069676906 49.9 15.8
1510069677205 49.1 15.8
1510069677505 49.4 15.9
1510069677810 49.8 15.9
1510069678106 50.1 15.9
1510069678405 49.3 16.0
1510069678702 49.6 16.0
1510069678998 50.0 16.0
1510069679295 49.2 16.1
1510069679596 49.5 16.1
1510069679898 49.9 16.2
1510069680198 49.1 16.2
1510069680494 49.4 16.2
1510069680797 49.8 16.2
1510069681095 50.1 16.3
1510069681392 49.3 16.3
1510069681696 49.6 16.4
1510069681997 50.0 16.4
1510069682296 49.2 16.4
1510069682596 49.6 16.5
1510069682898 49.9 16.5
1510069683196 49.1 16.5
1510069683497 49.5 16.6
1510069683796 49.8 16.6
1510069684091 50.1 16.7
1510069684385 49.3 16.7
1510069684685 49.6 16.7
1510069684985 50.0 16.8
1510069685285 49.3 16.8
1510069685583 49.6 16.8
1510069685880 49.8 16.9
1510069686176 50.1 16.9
1510069686476 49.4 16.9
1510069686775 49.7 17.0
1510069687076 50.0 17.0
1510069687376 49.3 17.1
1510069687676 49.6 17.1
1510069687976 49.9 17.1
1510069688280 49.3 17.2
1510069688576 49.6 17.2
1510069688880 49.8 17.2
1510069689177 49.2 17.3
1510069689476 49.5 17.3
1510069689776 49.7 17.4
1510069690071 50.0 17.4
1510069690365 49.4 17.4
1510069690665 49.6 17.5
1510069690968 49.9 17.5
1510069691265 49.3 17.5
1510069691565 49.5 17.6
1510069691865 49.8 17.6
1510069692161 50.1 17.6
1510069692457 49.5 17.7
1510069692752 49.7 17.7
1510069693055 50.0 17.8
1510069693358 49.4 17.8
1510069693655 49.6 17.8
1510069693955 49.9 17.9
1510069694255 49.3 17.9
1510069694556 49.5 17.9
1510069694851 49.8 18.0
1510069695148 50.0 18.0
1510069695445 49.5 18.1
1510069695742 49.7 18.1
1510069696036 49.9 18.1
1510069696335 49.4 18.2
1510069696631 49.6 18.2
1510069696929 49.8 18.2
1510069697225 49.3 18.3
1510069697533 49.5 18.3
1510069697830 49.8 18.4
1510069698127 50.0 18.4
1510069698426 49.4 18.4
1510069698730 49.7 18.4
1510069699028 49.9 18.5
1510069699322 49.4 18.5
1510069699620 49.6 18.6
1510069699915 49.8 18.6
1510069700217 49.3 18.6
1510069700522 49.5 18.7
1510069700816 49.7 18.7
1510069701117 50.0 18.7
1510069701415 49.5 18.8
1510069701711 49.7 18.8
1510069702015 49.9 18.9
1510069702315 49.4 18.9
1510069702613 49.6 18.9
1510069702906 49.8 19.0
1510069703205 49.3 19.0
1510069703505 49.5 19.0
1510069703805 49.7 19.1
1510069704105 50.0 19.1
1510069704405 49.5 19.1
1510069704702 49.7 19.2
1510069705001 49.9 19.2
1510069705297 49.4 19.3
1510069705590 49.6 19.3
1510069705885 49.8 19.3
1510069706180 50.0 19.3
1510069706477 49.5 19.4
1510069706776 49.7 19.4
1510069707075 49.9 19.5
1510069707375 49.4 19.5
1510069707679 49.6 19.6
1510069707976 49.8 19.6
1510069708275 49.4 19.6
1510069708577 49.6 19.6
1510069708872 49.8 19.7
1510069709171 50.0 19.7
1510069709468 49.5 19.8
1510069709765 49.7 19.8
1510069710067 49.9 19.8
1510069710363 49.4 19.9
1510069710669 49.6 19.9
1510069710965 49.8 19.9
1510069711260 49.4 20.0
1510069711556 49.6 20.0
1510069711851 49.8 20.1
1510069712145 49.9 21.1
1510069712441 49.5 25.1
1510069712736 49.7 29.0
1510069713037 49.9 22.9
