51 0.0 12.9
330 0.0 12.9
910 54.0 13.0
1254 69.0 13.0
1583 42.0 13.0
1874 48.0 13.1
2161 55.5 13.1
2460 42.0 13.1
2760 46.6 13.2
3040 51.3 13.2
3310 56.3 13.2
3624 45.2 13.3
3900 49.0 13.3
4169 52.2 13.3
4451 44.6 13.4
4719 47.0 13.4
4991 50.0 13.4
5259 52.4 13.5
5530 45.8 13.5
5800 48.1 13.5
6070 50.5 13.6
6349 52.6 13.6
6620 47.2 13.6
6889 49.0 13.7
7160 51.0 13.7
7429 47.3 13.7
8010 49.2 13.8
8340 51.0 13.8
8650 47.0 13.8
8950 48.5 13.9
9249 50.2 13.9
9540 46.6 13.9
9830 48.0 14.0
10099 49.4 14.0
10381 46.1 14.0
10690 47.4 14.1
10960 48.5 14.1
11231 49.8 14.1
11499 46.8 14.2
11769 47.9 14.2
12049 49.0 14.2
12320 50.1 14.3
12590 47.3 14.3
12861 48.3 14.3
13129 49.3 14.4
13399 46.7 14.4
13670 47.7 14.4
13949 48.7 14.5
14220 49.7 14.5
14490 47.8 14.5
15082 49.0 14.6
15420 46.8 14.6
15731 47.8 14.6
16024 48.6 14.7
16311 49.5 14.7
16612 47.4 14.7
16910 48.2 14.8
17190 49.1 14.8
17470 47.1 14.8
17770 47.9 14.9
18049 48.7 14.9
18320 49.5 14.9
18589 47.5 15.0
18858 48.3 15.0
19128 48.9 15.0
19400 47.2 15.1
19680 47.9 15.1
19950 48.6 15.1
20218 49.2 15.2
20490 47.5 15.2
20759 48.1 15.2
21031 48.8 15.3
21310 49.5 15.3
21579 48.2 15.3
22162 48.9 15.4
22502 47.5 15.4
22820 48.1 15.4
23120 48.7 15.5
23401 47.2 15.5
23690 47.8 15.5
23971 48.4 15.6
24249 49.0 15.6
24520 47.6 15.6
24841 48.2 15.7
25108 48.6 15.7
25380 49.2 15.7
25660 47.9 15.8
25929 48.4 15.8
26200 48.9 15.8
26468 47.5 15.9
26740 48.1 15.9
27008 48.5 15.9
27280 49.0 16.0
27550 47.8 16.0
27818 48.3 16.0
28092 48.8 16.1
28358 49.2 16.1
28633 48.1 16.1
29204 48.7 16.2
29546 47.7 16.2
29860 48.2 16.2
30136 48.6 16.3
30424 47.5 16.3
30706 47.9 16.3
31000 48.3 16.3
31270 48.8 16.4
31548 47.7 16.4
31861 48.2 16.4
32129 48.5 16.5
32400 47.5 16.5
32668 47.9 16.5
32940 48.3 16.6
33208 48.7 16.6
33482 47.7 16.6
33760 48.1 16.7
34030 48.5 16.7
34298 48.9 16.7
34570 47.9 16.8
34840 48.2 16.8
35110 48.7 16.8
35378 49.0 16.9
35653 48.0 16.9
35930 48.6 16.9
36490 47.8 17.0
36860 48.1 17.0
37135 48.5 17.0
37426 47.6 17.1
37729 48.0 17.1
38027 48.3 17.1
38310 48.7 17.2
38580 47.8 17.2
38887 48.2 17.2
39162 48.5 17.3
39429 47.6 17.3
39700 48.0 17.3
39968 48.3 17.4
40240 48.7 17.4
40508 47.8 17.4
40780 48.1 17.5
41048 48.4 17.5
41320 48.8 17.5
41588 47.9 17.6
41870 48.3 17.6
42138 48.5 17.6
42410 47.7 17.7
42678 48.0 17.7
42950 48.6 17.7
43521 47.8 17.8
43900 48.2 17.8
44202 48.5 17.8
44495 47.7 17.9
44780 48.0 17.9
45070 48.3 17.9
45350 48.7 18.0
45628 47.9 18.0
45897 48.2 18.0
46218 48.5 18.1
46490 47.8 18.1
46758 48.0 18.1
47030 48.3 18.2
47298 48.6 18.2
47573 47.9 18.2
47850 48.2 18.3
48118 48.5 18.3
48390 48.7 18.3
48658 48.0 18.4
48930 48.3 18.4
49199 48.6 18.4
49469 47.9 18.5
49739 48.1 18.5
50010 48.6 18.5
50582 47.9 18.5
50910 48.2 18.6
51240 48.5 18.6
51520 47.8 18.7
51806 48.1 18.7
52103 48.4 18.7
52390 47.7 18.7
52657 48.0 18.8
52932 48.2 18.8
53234 48.5 18.8
53510 47.8 18.9
53778 48.1 18.9
54050 48.3 18.9
54317 48.6 19.0
54592 47.9 19.0
54863 48.2 19.0
55140 48.4 19.1
55409 47.8 19.1
55680 48.0 19.1
55958 48.3 19.2
56230 48.5 19.2
56498 47.9 19.2
56771 48.2 19.3
57048 48.6 19.3
57630 48.0 19.3
57960 48.2 19.4
58286 48.5 19.4
58570 47.9 19.4
58860 48.1 19.5
59140 48.4 19.5
59431 47.8 19.5
59699 48.0 19.6
59970 48.2 19.6
60282 48.5 19.6
60550 47.9 19.7
60819 48.1 19.7
61088 48.3 19.7
61360 48.6 19.8
61628 48.0 19.8
61901 48.2 19.8
62168 48.4 19.9
62440 47.9 19.9
62708 48.1 19.9
62983 48.3 20.0
63258 48.5 20.0
63533 48.0 20.0
63810 48.2 20.1
64078 48.5 20.1
64654 48.0 20.1
64990 48.2 20.2
65300 48.5 20.2
65600 48.0 20.2
65876 48.2 20.3
66170 48.4 20.3
66460 47.8 20.3
66740 48.1 20.4
67008 48.3 20.4
67326 48.5 20.4
67600 48.0 20.5
67868 48.2 20.5
68140 48.4 20.5
68409 47.8 20.6
68680 48.1 20.6
68960 48.3 20.6
69228 48.5 20.7
69504 48.0 20.7
69780 48.2 20.7
70059 48.4 20.8
70330 48.6 20.8
70599 48.1 20.8
70880 48.2 20.9
71150 48.6 20.9
71720 48.1 20.9
72060 48.3 21.0
72372 47.8 21.0
72670 48.0 21.0
72953 48.2 21.1
73250 48.4 21.1
73550 48.0 21.1
73830 48.1 21.2
74100 48.3 21.2
74422 47.9 21.2
74700 48.1 21.3
74970 48.3 21.3
75238 48.4 21.3
75510 48.0 21.4
75778 48.2 21.4
76053 48.3 21.4
76318 48.5 21.5
76591 48.1 21.5
76858 48.2 21.5
77133 48.4 21.6
77398 48.0 21.6
77673 48.1 21.6
77950 48.3 21.7
78218 48.6 21.7
78793 48.2 21.7
79135 48.4 21.8
79450 47.9 21.8
79746 48.1 21.8
80030 48.3 21.9
80321 48.5 21.9
80603 48.0 21.9
80880 48.2 22.0
81149 48.4 22.0
81463 47.9 22.0
81740 48.1 22.1
82020 48.3 22.1
82288 48.5 22.1
82559 48.0 22.2
82830 48.2 22.2
83099 48.3 22.2
83371 48.5 22.3
83638 48.1 22.3
83913 48.2 22.3
84178 48.4 22.4
84452 48.0 22.4
84730 48.2 22.4
85012 48.3 22.5
85278 48.6 22.5
85850 48.2 22.5
86177 48.4 22.6
86490 48.0 22.6
86770 48.1 22.6
87070 48.3 22.7
87372 48.5 22.7
87660 48.1 22.7
87928 48.2 22.8
88202 48.4 22.8
88506 48.0 22.8
88780 48.2 22.9
89058 48.3 22.9
89330 48.5 22.9
89597 48.1 23.0
89870 48.2 23.0
90138 48.4 23.0
90410 48.0 23.1
90678 48.1 23.1
90950 48.3 23.1
91219 48.4 23.2
91490 48.1 23.2
91758 48.2 23.2
92032 48.4 23.3
92310 48.5 23.3
92664 48.2 23.3
93150 48.4 23.4
93493 48.0 23.4
93791 48.2 23.4
94070 48.3 23.5
94370 48.0 23.5
94670 48.1 23.5
94940 48.3 23.5
95209 48.4 23.6
95508 48.0 23.6
95790 48.2 23.6
96058 48.3 23.7
96333 48.5 23.7
96610 48.1 23.7
96880 48.2 23.8
97148 48.4 23.8
97420 48.0 23.8
97688 48.2 23.9
97961 48.3 23.9
98230 48.4 23.9
98497 48.1 24.0
98770 48.2 24.0
99038 48.4 24.0
99312 48.5 24.1
99577 48.2 24.1
100136 48.4 24.1
100483 48.0 24.2
100791 48.2 24.2
101084 48.3 24.2
101368 48.4 24.3
101662 48.1 24.3
101938 48.2 24.3
102212 48.4 24.4
102477 48.0 25.5
102800 48.2 30.6
103068 48.3 35.0
103340 48.4 27.2
