1510076891431 0.0  9.6
1510076891638 0.0  9.6
1510076891848 0.0  9.7
1510076892048 42.0  9.7
1510076892258 53.0  9.8
1510076892468 64.0  9.8
1510076892678 75.0  9.8
1510076892881 85.0  9.9
1510076893080 46.5  9.9
1510076893278 52.0 10.0
1510076893488 57.5 10.0
1510076893688 63.0 10.0
1510076893894 67.5 10.1
1510076894098 48.6 10.1
1510076894308 52.0 10.2
1510076894518 56.0 10.2
1510076894720 59.0 10.2
1510076894926 62.6 10.3
1510076895137 49.7 10.3
1510076895338 52.2 10.3
1510076895543 54.7 10.4
1510076895748 57.5 10.4
1510076895948 59.7 10.5
1510076896148 49.8 10.5
1510076896358 52.0 10.6
1510076896568 54.2 10.6
1510076896771 56.4 10.6
1510076896973 58.2 10.7
1510076897173 50.1 10.7
1510076897378 52.0 10.7
1510076897582 53.6 10.8
1510076897782 55.0 10.8
1510076897978 56.8 10.9
1510076898188 50.2 10.9
1510076898391 51.7 10.9
1510076898589 53.1 11.0
1510076898789 54.4 11.0
1510076898988 56.0 11.0
1510076899188 50.2 11.1
1510076899398 51.6 11.1
1510076899601 52.7 11.2
1510076899798 54.0 11.2
1510076900008 49.2 11.2
1510076900218 50.4 11.3
1510076900420 51.5 11.3
1510076900616 52.6 11.4
1510076900820 53.7 11.4
1510076901022 49.4 11.4
1510076901218 50.4 11.5
1510076901427 51.5 11.5
1510076901630 52.4 11.5
1510076901837 53.5 11.6
1510076902038 49.5 11.6
1510076902248 50.5 11.7
1510076902456 51.4 11.7
1510076902658 52.4 11.8
1510076902860 53.3 11.8
1510076903067 49.7 11.8
1510076903269 50.5 11.8
1510076903478 51.5 11.9
1510076903680 52.2 11.9
1510076903878 53.1 12.0
1510076904081 49.8 12.0
1510076904283 50.6 12.1
1510076904483 51.3 12.1
1510076904683 52.1 12.1
1510076904884 52.9 12.2
1510076905082 49.7 12.2
1510076905280 50.5 12.2
1510076905478 51.2 12.3
1510076905678 51.9 12.3
1510076905881 52.6 12.4
1510076906082 49.8 12.4
1510076906282 50.4 12.4
1510076906483 51.1 12.5
1510076906683 51.8 12.5
1510076906881 52.4 12.5
1510076907078 49.7 12.6
1510076907288 50.4 12.6
1510076907498 51.1 12.7
1510076907702 51.7 12.7
1510076907898 52.3 12.7
1510076908101 49.8 12.8
1510076908303 50.4 12.8
1510076908508 51.0 12.8
1510076908718 51.7 12.9
1510076908928 52.3 12.9
1510076909131 50.0 13.0
1510076909328 50.5 13.0
1510076909528 51.1 13.0
1510076909731 51.6 13.1
1510076909928 52.2 13.1
1510076910139 50.0 13.2
1510076910348 50.6 13.2
1510076910558 51.1 13.2
1510076910758 51.7 13.3
1510076910960 52.2 13.3
1510076911160 50.1 13.3
1510076911359 50.6 13.4
1510076911565 51.1 13.4
1510076911768 51.6 13.5
1510076911978 52.2 13.5
1510076912178 50.1 13.6
1510076912388 50.6 13.6
1510076912588 51.1 13.6
1510076912798 51.6 13.7
1510076913008 49.7 13.7
1510076913209 50.3 13.7
1510076913419 50.7 13.8
1510076913620 51.1 13.8
1510076913818 51.6 13.9
1510076914019 49.8 13.9
1510076914221 50.3 13.9
1510076914416 50.7 14.0
1510076914621 51.1 14.0
1510076914818 51.5 14.0
1510076915028 49.9 14.1
1510076915231 50.2 14.1
1510076915430 50.7 14.2
1510076915626 51.1 14.2
1510076915838 51.5 14.2
1510076916048 49.9 14.3
1510076916248 50.3 14.3
1510076916448 50.7 14.4
1510076916652 51.1 14.4
1510076916850 51.5 14.4
1510076917048 49.9 14.5
1510076917258 50.3 14.5
1510076917458 50.7 14.5
1510076917661 51.1 14.6
1510076917861 51.5 14.6
1510076918059 49.9 14.7
1510076918268 50.3 14.7
1510076918469 50.7 14.7
1510076918668 51.1 14.8
1510076918871 51.4 14.8
1510076919072 50.0 14.8
1510076919270 50.3 14.9
1510076919477 50.7 14.9
1510076919678 51.0 15.0
1510076919888 51.4 15.0
1510076920087 50.0 15.1
1510076920288 50.3 15.1
1510076920489 50.7 15.1
1510076920692 51.0 15.1
1510076920891 51.4 15.2
1510076921090 50.0 15.2
1510076921286 50.3 15.3
1510076921488 50.6 15.3
1510076921698 51.0 15.4
1510076921898 51.3 15.4
1510076922102 50.0 15.4
1510076922298 50.3 15.5
1510076922498 50.6 15.5
1510076922701 51.0 15.5
1510076922906 51.3 15.6
1510076923116 50.0 15.6
1510076923318 50.4 15.7
1510076923521 50.6 15.7
1510076923718 51.0 15.7
1510076923918 51.3 15.8
1510076924128 50.0 15.8
1510076924338 50.4 15.9
1510076924540 50.7 15.9
1510076924747 51.0 15.9
1510076924948 51.3 16.0
1510076925158 50.1 16.0
1510076925361 50.4 16.0
1510076925558 50.7 16.1
1510076925762 51.0 16.1
1510076925962 51.3 16.2
1510076926159 50.1 16.2
1510076926366 50.4 16.2
1510076926569 50.7 16.3
1510076926779 51.0 16.3
1510076926988 51.3 16.4
1510076927187 50.2 16.4
1510076927391 50.5 16.4
1510076927590 50.7 16.5
1510076927796 51.0 16.5
1510076928006 49.9 16.6
1510076928216 50.2 16.6
1510076928418 50.5 16.7
1510076928621 50.8 16.7
1510076928818 51.0 16.7
1510076929022 50.0 16.7
1510076929221 50.2 16.8
1510076929418 50.5 16.8
1510076929627 50.8 16.9
1510076929838 51.1 16.9
1510076930041 50.0 17.0
1510076930238 50.2 17.0
1510076930438 50.5 17.0
1510076930638 50.8 17.1
1510076930841 51.0 17.1
1510076931040 50.0 17.1
1510076931238 50.2 17.2
1510076931445 50.5 17.2
1510076931648 50.8 17.3
1510076931858 51.0 17.3
1510076932068 50.0 17.3
1510076932267 50.3 17.4
1510076932468 50.5 17.4
1510076932678 50.8 17.5
1510076932888 51.0 17.5
1510076933088 50.1 17.5
1510076933290 50.3 17.6
1510076933490 50.5 17.6
1510076933690 50.8 17.6
1510076933888 51.0 17.7
1510076934098 50.1 17.7
1510076934308 50.3 21.4
1510076934518 50.6 25.2
1510076934729 50.9 20.3
