1504802770137 0.0  9.5
1504802770317 18.0  9.5
1504802770494 27.0  9.5
1504802770684 38.0  9.6
1504802770874 48.0  9.6
1504802771064 58.0  9.6
1504802771254 34.0  9.7
1504802771444 39.0  9.7
1504802771634 44.0  9.8
1504802771812 48.5  9.8
1504802771994 53.0  9.8
1504802772184 39.0  9.9
1504802772374 42.3  9.9
1504802772564 45.6  9.9
1504802772754 49.0 10.0
1504802772932 52.0 10.0
1504802773112 55.0 10.0
1504802773293 43.5 10.1
1504802773472 45.7 10.1
1504802773654 48.2 10.1
1504802773844 50.7 10.2
1504802774034 53.2 10.2
1504802774224 44.6 10.3
1504802774414 46.8 10.3
1504802774597 48.4 10.3
1504802774773 50.4 10.4
1504802774952 52.2 10.4
1504802775131 54.0 10.4
1504802775313 46.5 10.5
1504802775492 48.0 10.5
1504802775672 49.5 10.5
1504802775854 51.0 10.6
1504802776044 52.8 10.6
1504802776234 46.7 10.7
1504802776424 48.1 10.7
1504802776602 49.2 10.7
1504802776784 50.7 10.8
1504802776974 52.1 10.8
1504802777164 46.8 10.8
1504802777354 48.1 10.9
1504802777544 49.5 10.9
1504802777734 50.7 11.0
1504802777924 52.0 11.0
1504802778114 53.2 11.0
1504802778304 48.4 11.1
1504802778482 49.4 11.1
1504802778662 50.4 11.1
1504802778842 51.5 11.2
1504802779022 52.5 11.2
1504802779202 48.1 11.2
1504802779384 49.1 11.3
1504802779562 50.0 11.3
1504802779742 50.8 11.3
1504802779924 51.8 11.4
1504802780114 52.9 11.4
1504802780304 49.0 11.5
1504802780494 49.9 11.5
1504802780684 50.8 11.5
1504802780874 51.7 11.6
1504802781064 52.6 11.6
1504802781254 49.1 11.7
1504802781444 50.0 11.7
1504802781634 50.8 11.7
1504802781814 51.5 11.8
1504802782004 52.4 11.8
1504802782194 49.1 11.8
1504802782384 49.9 11.9
1504802782574 50.6 11.9
1504802782764 51.5 12.0
1504802782954 52.3 12.0
1504802783132 53.0 12.0
1504802783312 49.8 12.1
1504802783492 50.5 12.1
1504802783672 51.0 12.1
1504802783854 51.8 12.2
1504802784044 52.5 12.2
1504802784234 49.7 12.2
1504802784424 50.4 12.3
1504802784614 51.0 12.3
1504802784804 51.7 12.4
1504802784984 52.3 12.4
1504802785174 49.7 12.4
1504802785364 50.3 12.5
1504802785554 51.0 12.5
1504802785744 51.6 12.6
1504802785922 52.1 12.6
1504802786102 52.6 12.6
1504802786284 50.2 12.7
1504802786474 50.8 12.7
1504802786664 51.4 12.7
1504802786854 52.0 12.8
1504802787044 52.5 12.8
1504802787234 50.2 12.8
1504802787424 50.7 12.9
1504802787614 51.3 12.9
1504802787792 51.8 13.0
1504802788014 52.3 13.0
1504802788204 50.1 13.0
1504802788394 50.7 13.1
1504802788572 51.2 13.1
1504802788762 51.7 13.1
1504802788942 52.2 13.2
1504802789123 52.6 13.2
1504802789314 50.5 13.3
1504802789492 51.0 13.3
1504802789672 51.5 13.3
1504802789852 51.9 13.4
1504802790034 52.4 13.4
1504802790212 50.3 13.4
1504802790392 50.7 13.5
1504802790572 51.1 13.5
1504802790752 51.6 13.5
1504802790932 52.0 13.6
1504802791112 52.5 13.6
1504802791292 50.5 13.6
1504802791472 50.9 13.7
1504802791654 51.3 13.7
1504802791832 51.7 13.7
1504802792014 52.2 13.8
1504802792204 50.3 13.8
1504802792384 50.7 13.9
1504802792573 51.2 13.9
1504802792764 51.6 13.9
1504802792941 52.0 14.0
1504802793124 52.4 14.0
1504802793304 50.6 14.0
1504802793494 51.0 14.1
1504802793672 51.4 14.1
1504802793854 51.8 14.1
1504802794044 52.2 14.2
1504802794222 50.5 14.2
1504802794404 50.9 14.2
1504802794584 51.2 14.3
1504802794774 51.6 14.3
1504802794952 52.0 14.4
1504802795134 52.4 14.4
1504802795311 50.7 14.4
1504802795494 51.1 14.5
1504802795684 51.5 14.5
1504802795861 51.8 14.5
1504802796044 52.1 14.6
1504802796224 50.6 14.6
1504802796413 51.0 14.6
1504802796592 51.3 14.7
1504802796772 51.6 14.7
1504802796952 51.9 14.7
1504802797134 52.3 14.8
1504802797312 50.7 14.8
1504802797494 51.1 14.9
1504802797684 51.5 14.9
1504802797862 51.8 14.9
1504802798041 52.1 15.0
1504802798224 50.6 15.0
1504802798414 51.0 15.0
1504802798604 51.3 15.1
1504802798794 51.7 15.1
1504802798974 52.0 15.1
1504802799164 50.6 15.2
1504802799354 51.0 15.2
1504802799532 51.3 15.3
1504802799712 51.5 15.3
1504802799894 51.9 15.3
1504802800084 52.2 15.4
1504802800262 50.8 15.4
1504802800441 51.1 15.4
1504802800624 51.4 15.5
1504802800802 51.7 15.5
1504802800982 52.0 15.5
1504802801162 50.7 15.6
1504802801342 50.9 15.6
1504802801524 51.2 15.6
1504802801714 51.5 15.7
1504802801904 51.9 15.7
1504802802081 52.1 15.8
1504802802264 50.9 15.8
1504802802441 51.1 15.8
1504802802624 51.4 15.9
1504802802814 51.7 15.9
1504802803004 52.0 15.9
1504802803194 50.8 16.0
1504802803372 51.1 16.0
1504802803552 51.3 16.0
1504802803732 51.6 16.1
1504802803912 51.8 16.1
1504802804093 52.1 16.2
1504802804272 50.9 16.2
1504802804452 51.2 16.2
1504802804632 51.4 16.3
1504802804812 51.7 16.3
1504802804994 52.0 16.3
1504802805184 50.8 16.4
1504802805364 51.0 16.4
1504802805554 51.3 16.4
1504802805744 51.6 16.5
1504802805933 51.9 16.5
1504802806111 52.1 16.5
1504802806294 51.0 16.6
1504802806484 51.2 16.6
1504802806664 51.5 16.7
1504802806841 51.7 16.7
1504802807024 52.0 16.7
1504802807214 50.9 16.8
1504802807404 51.2 16.8
1504802807594 51.4 16.8
1504802807774 51.7 16.9
1504802807964 52.0 16.9
1504802808154 50.9 17.0
1504802808331 51.1 17.0
1504802808512 51.3 17.0
1504802808694 51.6 17.1
1504802808884 51.8 17.1
1504802809074 52.1 17.1
1504802809264 51.0 17.2
1504802809454 51.3 17.2
1504802809632 51.5 17.2
1504802809812 51.8 17.3
1504802809993 52.0 17.3
1504802810182 51.0 17.4
1504802810363 51.2 17.4
1504802810541 51.4 17.4
1504802810724 51.6 17.5
1504802810914 51.9 18.8
1504802811104 52.1 23.4
1504802811293 51.1 18.8
