1504802904189 31.0 10.7
1504802904621 42.0 10.7
1504802904814 52.0 10.7
1504802905005 61.0 10.8
1504802905184 35.5 10.8
1504802905374 40.5 10.8
1504802905564 45.5 10.9
1504802905754 50.5 10.9
1504802905944 55.5 11.0
1504802906134 60.5 11.0
1504802906324 43.6 11.0
1504802906514 47.0 11.1
1504802906704 50.3 11.1
1504802906894 53.6 11.2
1504802907084 57.0 11.2
1504802907275 45.0 11.2
1504802907454 47.5 11.3
1504802907644 50.0 11.3
1504802907834 52.2 11.3
1504802908024 54.7 11.4
1504802908214 45.8 11.4
1504802908404 48.0 11.5
1504802908591 49.8 11.5
1504802908784 51.8 11.5
1504802909014 54.0 11.6
1504802909204 46.6 11.6
1504802909394 48.3 11.6
1504802909584 50.0 11.7
1504802909774 51.6 11.7
1504802909964 53.3 11.8
1504802910154 47.0 11.8
1504802910344 48.4 11.8
1504802910534 49.8 11.9
1504802910724 51.2 11.9
1504802910914 52.7 12.0
1504802911104 54.1 12.0
1504802911294 48.6 12.0
1504802911484 49.8 12.1
1504802911674 51.1 12.1
1504802911864 52.3 12.1
1504802912054 53.6 12.2
1504802912244 48.7 12.2
1504802912434 49.8 12.3
1504802912624 51.0 12.3
1504802912814 52.1 12.3
1504802913004 53.2 12.4
1504802913189 48.8 12.4
1504802913378 49.8 12.5
1504802913558 50.7 12.5
1504802913748 51.7 12.5
1504802913928 52.6 12.6
1504802914109 53.5 12.6
1504802914298 49.5 12.6
1504802914488 50.4 12.7
1504802914667 51.2 12.7
1504802914847 52.0 12.7
1504802915028 52.9 12.8
1504802915207 49.2 12.8
1504802915389 50.0 12.8
1504802915567 50.7 12.9
1504802915748 51.5 12.9
1504802915927 52.2 12.9
1504802916108 53.0 13.0
1504802916298 49.6 13.0
1504802916478 50.3 13.0
1504802916657 51.0 13.1
1504802916837 51.7 13.1
1504802917017 52.4 13.2
1504802917199 49.3 13.2
1504802917377 50.0 13.2
1504802917558 50.6 13.3
1504802917737 51.2 13.3
1504802917924 51.9 13.3
1504802918114 52.6 13.4
1504802918304 49.8 13.4
1504802918494 50.4 13.4
1504802918684 51.1 13.5
1504802918874 51.8 13.5
1504802919064 52.4 13.6
1504802919254 49.8 13.6
1504802919444 50.4 13.6
1504802919634 51.0 13.7
1504802919824 51.6 13.7
1504802920014 52.3 13.7
1504802920204 49.8 13.8
1504802920394 50.4 13.8
1504802920584 51.0 13.9
1504802920774 51.5 13.9
1504802920964 52.1 13.9
1504802921154 49.8 14.0
1504802921344 50.3 14.0
1504802921534 50.9 14.1
1504802921724 51.5 14.1
1504802921914 52.0 14.1
1504802922104 52.6 14.2
1504802922294 50.3 14.2
1504802922484 50.8 14.2
1504802922674 51.4 14.3
1504802922864 51.9 14.3
1504802923054 52.4 14.4
1504802923238 50.3 14.4
1504802923417 50.7 14.4
1504802923598 51.2 14.5
1504802923777 51.6 14.5
1504802923957 52.0 14.5
1504802924144 52.5 14.6
1504802924334 50.5 14.6
1504802924524 51.0 14.6
1504802924714 51.4 14.7
1504802924904 51.9 14.7
1504802925094 52.4 14.8
1504802925284 50.5 14.8
1504802925474 50.9 14.8
1504802925664 51.4 14.9
1504802925854 51.8 14.9
1504802926044 52.3 15.0
1504802926234 50.4 15.0
1504802926424 50.9 15.0
1504802926614 51.3 15.1
1504802926804 51.7 15.1
1504802926994 52.2 15.1
1504802927183 50.4 15.2
1504802927374 50.8 15.2
1504802927564 51.2 15.3
1504802927754 51.7 15.3
1504802927944 52.1 15.3
1504802928134 52.5 15.4
1504802928324 50.8 15.4
1504802928514 51.2 15.5
1504802928704 51.6 15.5
1504802928894 52.0 15.5
1504802929084 52.4 15.6
1504802929274 50.8 15.6
1504802929464 51.1 15.6
1504802929654 51.5 15.7
1504802929844 51.9 15.7
1504802930034 52.3 15.8
1504802930224 50.7 15.8
1504802930414 51.1 15.8
1504802930604 51.5 15.9
1504802930794 51.8 15.9
1504802930984 52.2 16.0
1504802931174 50.7 16.0
1504802931364 51.1 16.0
1504802931554 51.4 16.1
1504802931744 51.7 16.1
1504802931934 52.1 16.1
1504802932124 52.5 16.2
1504802932314 51.0 16.2
1504802932504 51.4 16.3
1504802932693 51.7 16.3
1504802932884 52.1 16.3
1504802933074 52.4 16.4
1504802933263 51.0 16.4
1504802933454 51.3 16.5
1504802933644 51.7 16.5
1504802933834 52.0 16.5
1504802934024 52.3 16.6
1504802934213 51.0 16.6
1504802934404 51.3 16.6
1504802934594 51.6 16.7
1504802934784 51.9 16.7
1504802934974 52.2 16.8
1504802935164 50.9 16.8
1504802935354 51.2 16.8
1504802935544 51.5 16.9
1504802935734 51.8 16.9
1504802935924 52.1 17.0
1504802936114 52.5 17.0
1504802936303 51.2 17.0
1504802936494 51.5 17.1
1504802936684 51.8 17.1
1504802936874 52.1 17.1
1504802937064 52.4 17.2
1504802937253 51.1 17.2
1504802937444 51.4 17.3
1504802937634 51.7 17.3
1504802937823 52.0 17.3
1504802938014 52.3 17.4
1504802938204 51.1 17.4
1504802938394 51.4 17.5
1504802938584 51.7 17.5
1504802938773 52.0 17.5
1504802938964 52.2 17.6
1504802939185 51.1 17.6
1504802939374 51.3 17.6
1504802939564 51.6 17.7
1504802939754 51.9 17.7
1504802939944 52.2 17.8
1504802940134 52.5 17.8
1504802940324 51.3 17.8
1504802940514 51.6 17.9
1504802940704 51.8 17.9
1504802940893 52.1 17.9
1504802941084 52.4 18.0
1504802941274 51.3 18.0
1504802941463 51.5 18.1
1504802941654 51.8 18.1
1504802941844 52.1 18.1
1504802942034 52.3 18.2
1504802942224 51.2 18.2
1504802942413 51.5 18.3
1504802942604 51.7 18.3
1504802942794 52.0 18.3
1504802942983 52.2 18.4
1504802943174 51.2 18.4
1504802943357 51.4 18.4
1504802943537 51.7 18.5
1504802943718 51.9 18.5
1504802943897 52.1 18.5
1504802944077 52.3 18.6
1504802944256 51.2 18.6
1504802944444 51.5 18.7
1504802944634 51.7 18.7
1504802944824 52.0 18.7
1504802945014 52.2 18.8
1504802945204 51.2 18.8
1504802945394 51.5 18.8
1504802945583 51.7 18.9
1504802945773 51.9 18.9
1504802945964 52.2 19.0
1504802946154 51.2 19.0
1504802946344 51.4 19.0
1504802946534 51.6 19.1
1504802946724 51.9 19.1
1504802946914 52.1 19.1
1504802947103 52.3 19.2
1504802947293 51.4 19.2
1504802947484 51.6 19.3
1504802947674 51.8 19.3
1504802947864 52.1 19.3
1504802948054 52.3 19.4
1504802948244 51.4 19.4
1504802948434 51.6 19.5
1504802948624 51.8 19.5
1504802948814 52.0 19.5
1504802949004 52.2 19.6
1504802949194 51.3 19.6
1504802949383 51.5 19.6
1504802949574 51.8 19.7
1504802949764 52.0 19.7
1504802949954 52.2 20.2
1504802950144 52.4 24.7
1504802950334 51.5 25.3
